191
-
6939507
7684930
10901063
11671338
12548159
14933990
25084100
38649718
52775474
67874133
67974802
75245562
76277107
86086317
94255812
99568484
102524643
110993018
111691313
173506518
194064088
198619204
204428608
215341973
216272000
233233021
233614511
234686974
246088582
256031502
271826264
278608944
296082014
297820659
300819353
320062251
326551394
329370448
340606628
358104524
358854042
364234956
366913064
368046387
371591002
375487534
383174967
408671759
445968158
460552958
475777610
503984129
513912055
529235706
543785591
554472058
554841746
568008764
572561811
573912269
575575027
576556433
592095745
605624150
606733503
608113244
613197917
639761745
667416757
681678003
705605356
708443037
710887989
760582799
765516336
775094909
777828487
805274956
807103978
807869145
814651134
816823884
817922951
833264839
843180921
844342337
847295153
855810150
865846426
874506252
875295031
924801876
928027710
928056842
944095745
965056927
985204628
1010745797
1023107478
1025011789
1025495688
1029412418
1046091840
1049783667
1074271246
1108400044
1117830110
1118791958
1119129706
1125670350
1145336947
1173404700
1187070491
1201145489
1202304040
1210750266
1247655423
1252025496
1265744613
1274238783
1300694242
1327570504
1329416116
1342850532
1353650762
1361761673
1390639191
1394230302
1395595520
1401967870
1453808027
1454306681
1464367994
1472933199
1517261129
1518015057
1527472223
1560980286
1562200406
1575288019
1586437997
1591481434
1607618164
1627617405
1639339602
1642913884
1658035733
1663153916
1675570919
1690017808
1727451192
1748245382
1751655327
1794645486
1799728962
1802135719
1809485522
1812920245
1823541320
1835462166
1836605683
1845172657
1856016522
1856306879
1857744169
1870897485
1877357308
1895175780
1914008292
1917372618
1930808927
1945742588
1947678506
1947772071
1976505642
2012240174
2025877014
2031655719
2041772882
2041779111
2060726175
2062790753
2075846552
2080002362
2086830222
2087145472
2087463993
2106803207
2133971114
2142838693
2143651652
