100
2728 33 0.6383918982883392
1910 80 0.7331897436892401
1078 42 0.9765601110700175
1304 1 0.8642500034123509
2715 9 0.6600502810949636
3000 1235 0.9966125411381052
149 11 0.9359130629597303
1184 75 0.6250776921074008
10 12 0.5
1280 117 0.5756631581713177
35 4 0.7488013166774974
2237 181 0.5775766142450773
221 5 0.5488054366573167
1691 18 0.8897513221417184
167 15 0.7097907275007792
1228 96 0.6418072615960027
1645 150 0.9880086184744941
1937 52 0.9157073852732951
10 5 0.1
2 1 0.5
2767 119 0.7260987390396925
1786 17 0.7810815247228993
3000 135 0.5511401553868309
975 39 0.7089957244280294
1707 111 0.7393655638204133
1639 5 0.7865717511207472
1278 42 0.80601511325007
597 37 0.6142369363609013
1390 14 0.5106464421058559
1 1 0.4
566 41 0.7684774086217769
1310 8 0.8267567986426194
233 9 0.9310008919659619
3000 1757 0.9670775954951097
1231 15 0.7633584563147728
3000 195 0.8184633788266845
1293 65 0.582991019442719
969 31 0.7958496863394642
975 8 0.6127093992786137
3000 854 0.9720202238293681
310 28 0.549790179265626
467 14 0.7555536782304715
1559 103 0.9036071052699719
2072 22 0.9515384825246784
677 22 0.5212111197194145
2496 57 0.7341132788617609
988 16 0.9382841920307987
1691 70 0.7326379597373137
1682 136 0.7030610245850939
3000 121 0.9980522144494091
2507 50 0.5385324577684143
3000 43 0.8371587587474507
2593 64 0.6793761084870839
3000 68 0.883581865722848
1781 152 0.9664163773412922
2 1 0.4
2475 239 0.9290644186208099
17 2 0.9150140896516434
2365 26 0.962708315263124
1069 105 0.8526875524964972
3000 50 0.123
518 13 0.6732217861720134
702 63 0.9294963742747103
2755 176 0.8364998768884877
3000 2462 0.9151227339986332
12 2 0.5532897906166729
1669 148 0.5130884739408568
949 32 0.660591763871422
3000 27 0.8186760818824159
2954 201 0.8093447431034444
1810 12 0.6576780151471855
1646 52 0.8974630711500904
1650 19 0.5949213049477194
1626 11 0.9665002222762331
209 10 0.9360527645900921
1966 131 0.7451116057492349
3000 62 0.54049556192781
2851 220 0.7194430271173835
145 5 0.7660992128053786
516 3 0.9451494612594615
1663 78 0.7687146954912956
3000 50 0.987
3000 148 0.9286954412715177
990 55 0.7568346081552475
3000 132 0.9234418745440136
3000 94 0.8689874881448595
2431 232 0.7440721922549706
3000 835 0.9304641233983514
1 2 0.4
3000 39 0.6214264176481694
2025 98 0.5070513856683101
3000 48 0.815240333295067
1193 110 0.9086520923587524
196 7 0.9283974315393538
3000 125 0.919826528587413
10 5 0.9
3000 160 0.6579502846146681
938 38 0.7897978443171558
3000 6 0.6128288993437406
2534 196 0.6054084569594469
