1000
64 38 29
65 88 97
83 12 56
50 22 62
86 7 52
50 45 96
82 94 57
61 88 67
15 74 4
36 41 40
33 84 61
13 9 61
34 9 32
42 12 84
4 92 13
67 95 83
3 19 75
39 72 57
33 55 85
44 60 67
13 64 42
88 27 3
59 75 48
65 46 89
15 81 30
92 38 94
50 65 61
92 80 87
14 89 2
60 98 27
62 17 79
24 98 37
69 39 59
90 76 61
30 15 68
32 27 27
57 92 78
90 14 81
58 20 9
36 86 34
21 17 22
3 82 67
31 11 98
95 92 84
19 80 12
84 98 25
23 7 3
79 31 94
6 53 79
67 5 11
38 87 35
23 17 75
72 69 8
16 96 54
5 42 25
45 12 15
68 55 29
85 55 91
79 48 76
80 5 56
67 58 20
16 10 4
20 56 46
73 81 87
13 15 75
19 77 96
73 93 3
0 30 70
28 1 34
83 88 33
21 94 36
79 67 41
93 6 84
93 8 68
6 57 10
36 98 27
51 57 31
81 8 37
95 85 18
42 35 78
17 55 29
89 21 73
26 26 94
90 22 23
90 63 36
24 57 38
21 1 14
40 79 88
14 60 30
84 79 64
92 67 54
87 57 12
77 91 2
1 42 57
86 54 55
34 66 96
38 8 35
78 56 13
1 23 28
25 74 22
65 77 35
95 24 55
56 6 32
99 41 62
49 43 41
79 6 30
21 80 63
0 55 55
34 78 66
80 46 30
88 58 41
16 58 42
12 7 78
37 33 18
34 44 91
17 81 100
96 74 56
70 67 75
86 25 64
55 71 46
81 79 13
68 6 13
56 65 95
83 25 47
35 99 22
79 70 92
30 94 18
60 81 24
31 43 35
8 34 45
48 46 58
57 64 92
57 76 73
21 66 14
53 5 47
84 48 1
21 63 84
78 12 26
56 22 38
94 7 87
84 30 23
43 81 99
38 13 25
33 69 55
98 41 60
17 53 33
51 7 31
52 10 20
62 44 84
83 41 63
87 20 40
53 6 61
10 33 33
90 47 68
85 13 84
61 18 70
57 27 68
47 27 8
79 13 6
79 29 41
21 28 21
7 72 10
70 70 72
87 37 36
52 96 17
6 56 93
52 37 89
87 47 83
100 31 47
20 24 95
66 43 12
0 10 42
75 97 59
4 79 33
66 15 25
62 57 13
77 41 62
96 80 66
93 81 97
65 77 76
71 75 75
87 5 14
73 35 23
9 3 8
13 42 34
46 13 67
14 98 61
100 17 30
69 96 28
76 47 70
87 40 57
23 1 19
24 66 29
1 45 6
99 60 89
35 35 60
96 55 72
28 89 30
25 65 34
36 61 83
39 5 38
95 20 58
97 18 34
31 47 82
17 52 13
88 7 40
20 11 46
94 30 1
23 68 11
57 41 42
93 61 47
27 23 72
13 55 55
28 100 1
20 71 63
91 86 25
0 15 62
53 97 9
30 83 16
5 4 81
72 40 83
81 14 29
32 68 96
8 58 1
3 75 98
84 5 4
21 26 87
100 68 14
77 67 94
32 38 20
100 66 13
7 29 86
20 98 70
77 65 16
100 1 1
47 71 80
19 13 36
90 24 63
75 18 15
84 75 56
7 29 92
70 93 6
29 75 87
59 31 96
13 21 19
29 36 86
6 90 7
11 99 92
90 70 34
79 12 10
36 32 85
3 22 39
42 65 78
67 60 99
72 82 11
32 98 7
80 70 89
19 78 93
66 69 9
32 14 83
96 44 13
89 99 82
61 11 97
81 30 41
59 30 95
54 28 35
28 16 5
95 61 13
97 82 93
85 12 5
7 84 22
48 55 54
67 60 11
26 91 40
31 32 20
75 79 54
22 21 46
77 88 1
40 9 35
7 55 85
4 47 1
52 44 12
16 58 27
26 57 61
93 26 48
66 26 38
37 24 17
38 18 74
75 97 39
16 35 59
13 28 46
91 96 80
72 17 12
41 20 71
31 3 8
25 61 69
37 17 62
87 22 56
70 35 40
81 3 94
38 2 57
76 5 76
87 37 94
82 65 54
24 57 9
27 69 53
34 27 91
30 65 81
100 26 16
82 55 91
97 70 4
100 39 9
66 30 100
27 86 68
61 55 7
73 60 73
54 7 5
84 90 1
21 84 62
4 38 5
96 67 6
48 62 3
39 85 37
14 12 58
95 11 94
52 56 84
73 79 96
10 36 76
94 24 53
100 55 38
55 94 27
14 63 94
75 12 4
83 15 78
67 45 63
100 63 3
3 66 73
78 13 34
1 74 53
82 2 69
29 72 80
74 83 52
78 53 78
16 20 13
100 64 45
18 56 55
89 80 24
53 48 15
62 87 92
57 58 89
58 99 46
34 64 3
70 15 34
95 44 79
13 17 1
44 71 96
13 66 1
38 96 19
82 24 95
3 83 27
69 25 52
24 29 11
46 13 25
0 89 69
77 89 75
82 35 76
85 73 70
100 74 54
85 93 63
56 44 57
57 71 100
32 47 87
46 100 56
22 2 57
67 54 42
75 36 52
14 84 31
34 98 65
82 87 30
97 44 64
97 44 60
3 40 45
71 87 7
36 65 62
100 89 76
49 86 5
56 83 72
16 74 2
97 83 99
83 98 82
43 89 76
39 68 98
63 47 47
5 98 52
12 3 26
97 96 54
100 33 89
71 59 9
91 35 47
31 83 25
35 22 38
100 89 96
23 60 91
31 9 97
20 2 14
45 54 78
24 8 15
16 12 2
20 41 6
92 33 47
38 10 22
33 18 17
53 89 74
25 60 20
42 91 58
100 9 27
93 28 75
88 55 34
57 14 13
45 58 33
16 20 69
91 88 3
46 69 58
7 79 5
30 29 57
85 74 65
56 30 6
7 62 58
23 24 41
37 56 98
73 94 6
48 48 69
81 40 43
73 7 6
67 45 84
74 86 67
32 94 82
13 63 44
19 38 41
76 7 28
82 93 96
53 66 72
8 67 44
38 13 28
17 2 33
37 65 24
51 65 58
94 75 65
72 36 27
9 67 98
82 77 39
50 78 61
24 24 77
94 30 67
0 44 99
68 47 78
82 19 81
28 75 45
26 54 1
19 59 93
32 15 55
93 62 88
38 68 94
41 12 92
88 17 100
15 90 92
10 55 4
69 44 38
1 69 27
100 70 91
57 10 21
70 42 40
1 90 31
94 73 33
87 81 48
20 14 88
7 25 48
89 41 20
49 18 95
67 77 35
61 53 3
13 98 74
41 98 74
78 3 72
76 45 72
22 75 38
14 78 60
96 46 59
46 60 87
73 66 59
86 41 9
24 64 84
3 8 88
70 91 100
2 47 93
22 42 25
50 22 86
77 18 99
67 12 75
96 28 17
88 40 84
21 6 39
91 63 31
99 61 22
55 37 9
51 61 95
4 86 31
14 10 10
22 14 70
59 72 79
18 75 3
14 65 87
22 28 37
6 54 76
2 59 23
23 8 13
62 86 17
53 80 34
90 98 72
84 98 55
7 83 47
94 62 11
37 43 86
31 37 19
0 57 27
16 15 64
66 75 25
54 69 77
75 83 75
38 18 100
71 8 8
18 28 91
97 58 73
66 16 67
80 65 25
2 98 62
69 82 83
16 86 46
55 99 81
40 31 94
81 64 70
43 30 26
47 27 41
90 58 66
84 26 67
91 10 57
55 55 17
28 53 36
7 95 21
45 3 87
21 57 20
69 18 21
29 94 95
78 23 25
95 53 33
74 32 16
17 46 54
25 40 82
52 60 75
95 95 17
75 69 6
58 20 22
79 91 11
13 64 55
97 14 17
49 22 17
19 90 69
89 8 11
15 40 98
5 21 40
0 99 43
13 46 10
18 66 28
69 26 21
33 17 14
67 88 33
48 59 23
42 93 80
96 31 25
59 82 94
91 61 19
32 77 66
4 90 64
48 100 7
49 79 11
84 1 80
36 87 6
13 62 69
97 69 86
47 66 68
28 58 46
13 45 52
7 13 7
91 65 22
8 31 78
35 29 87
5 36 8
95 59 36
70 16 5
29 81 85
82 79 96
29 37 5
22 15 99
74 76 22
5 92 68
18 69 54
93 79 38
43 41 16
65 42 19
52 71 59
90 72 20
57 53 73
56 87 92
63 18 95
23 5 33
33 12 86
98 100 65
2 36 39
33 34 86
100 91 18
35 71 80
23 3 100
51 16 83
44 62 13
42 33 100
51 66 33
42 4 54
53 28 74
47 92 81
33 36 11
19 87 86
59 30 79
59 75 32
23 35 44
83 45 78
10 38 38
56 56 52
20 73 83
77 75 53
4 78 15
61 89 91
29 11 42
75 46 17
28 74 83
77 46 98
55 83 24
86 14 22
74 92 31
43 58 83
19 41 36
17 26 74
89 84 47
31 15 100
31 90 6
25 23 43
76 70 22
50 66 61
22 45 39
51 26 61
87 15 84
29 71 99
49 34 10
53 52 65
36 67 58
75 68 11
30 60 84
64 85 30
76 77 73
37 29 63
97 88 98
55 98 32
91 47 20
27 56 28
5 74 9
63 4 15
88 45 37
37 87 64
72 84 72
54 86 32
26 4 85
97 48 53
38 4 1
45 62 57
99 26 64
70 44 46
25 93 2
67 83 21
34 5 87
54 8 62
38 86 11
98 22 42
96 33 27
25 55 35
55 84 13
17 17 24
85 70 9
41 54 55
9 100 8
78 100 69
87 12 14
60 52 78
60 81 83
52 91 16
87 93 35
37 33 85
55 12 25
15 72 4
61 29 41
98 39 27
60 68 69
76 85 40
3 89 85
40 76 92
66 98 21
83 62 4
87 28 17
71 35 27
33 56 65
49 48 55
19 71 93
8 61 41
43 82 18
91 83 54
49 60 88
11 45 47
40 5 31
33 44 96
36 64 15
38 36 53
12 83 57
30 9 85
37 62 67
48 52 2
95 23 15
22 95 30
28 12 87
35 57 4
41 32 82
25 54 15
43 24 79
100 91 42
99 70 86
66 25 14
63 93 100
55 4 97
25 47 39
98 4 46
55 71 19
95 82 27
94 6 97
85 85 34
88 93 40
45 70 62
98 13 29
57 48 78
92 7 98
89 37 94
92 31 9
62 17 11
0 2 42
30 74 67
79 100 64
36 4 21
97 40 45
75 28 25
77 89 85
6 54 76
43 99 74
53 70 66
34 16 89
82 42 37
40 87 59
79 87 63
94 20 21
30 57 67
91 25 16
42 8 52
27 63 72
33 39 73
4 11 83
39 81 80
86 33 83
26 7 46
60 86 100
52 33 14
48 64 69
22 61 99
97 7 12
63 97 5
20 60 5
52 72 19
66 17 16
7 38 80
56 80 4
98 85 64
76 78 55
1 97 39
64 88 26
16 88 96
10 87 38
45 83 96
97 24 78
16 54 82
61 63 52
100 90 10
70 59 36
77 28 9
99 99 99
50 36 93
64 82 82
40 58 61
77 83 58
51 61 55
6 36 66
96 46 9
55 82 21
73 91 41
67 53 15
98 96 13
64 25 83
10 72 100
85 33 65
75 23 60
34 92 69
64 96 55
59 83 100
40 29 19
55 94 1
8 78 93
57 85 91
34 29 29
68 88 5
57 52 31
44 52 32
14 58 26
82 56 91
83 77 98
80 53 38
12 8 16
97 81 53
84 58 56
26 92 27
67 73 45
70 100 38
58 91 89
8 61 3
95 52 21
1 54 73
67 14 93
35 64 17
87 66 72
15 29 66
36 54 38
10 55 27
52 71 98
14 19 22
28 13 37
55 77 36
13 82 4
48 100 27
94 29 22
96 97 9
41 58 27
18 95 60
34 21 80
90 78 19
37 77 96
29 2 60
37 2 41
84 93 54
34 59 57
60 24 94
64 20 30
99 58 92
69 62 92
85 73 67
89 86 90
84 90 42
8 7 32
1 12 64
17 36 76
17 75 28
81 38 96
34 78 21
93 37 34
93 91 57
11 97 8
46 60 37
19 15 33
28 11 21
47 88 70
39 43 22
45 39 5
8 100 13
39 68 89
99 8 69
35 81 8
34 26 6
75 63 74
30 17 52
6 33 77
99 3 95
63 73 6
83 81 21
92 10 71
13 15 91
36 98 30
33 29 79
4 1 83
52 36 12
59 22 76
49 97 30
19 54 59
45 24 72
67 19 16
70 25 2
81 45 30
49 35 2
68 23 92
69 74 98
62 46 8
16 53 10
52 69 42
0 27 62
2 20 12
0 33 60
46 74 16
96 23 25
60 83 20
48 77 79
14 81 78
6 23 99
45 94 28
73 94 45
7 84 93
92 100 81
82 20 52
20 94 40
12 55 55
43 9 84
58 27 76
88 56 9
2 67 55
65 39 45
60 87 90
85 85 71
15 14 85
61 95 87
53 77 48
98 87 25
19 57 99
66 96 69
71 28 4
27 81 7
46 13 17
82 70 56
31 9 89
30 44 90
51 72 5
46 83 61
35 55 63
13 78 5
40 47 81
5 77 3
97 76 47
25 24 95
75 30 25
19 67 40
79 7 62
91 48 60
42 13 34
53 48 96
80 25 64
75 40 70
41 5 75
75 55 81
51 32 31
24 89 95
94 13 95
91 59 33
35 62 33
61 38 36
37 3 58
12 100 82
21 52 78
49 78 52
10 5 43
63 39 40
68 13 87
69 91 72
16 11 38
74 35 78
19 77 72
41 85 37
46 38 10
48 38 28
61 58 61
82 28 71
89 48 41
93 24 72
