100
138288 11
0 1 2 4 6 7 8 a c e f
72815 7
1 3 6 7 9 b e
180023 6
0 3 4 6 b c
196322 16
0 1 2 3 4 5 6 7 8 9 a b c d e f
38578 11
1 2 3 5 6 8 a b c d e
48370 8
0 2 5 6 8 b c e
234 13
0 1 2 5 6 7 8 9 b c d e f
169082 10
0 1 2 3 5 6 7 9 a d
152626 8
2 4 6 a b c e f
57117 14
0 1 2 3 4 5 7 8 a b c d e f
134725 12
0 1 2 4 5 7 8 9 b c d f
120249 10
0 2 3 4 5 6 9 a e f
7066 2
3 9
180878 4
3 4 9 d
114175 7
2 4 8 9 a e f
172525 4
0 5 9 b
121785 3
8 c f
95868 13
0 1 2 3 5 6 7 8 9 c d e f
182566 10
0 1 2 4 6 a b d e f
172203 13
0 1 3 5 6 7 8 9 a b c d e
70382 7
0 6 7 8 9 b f
121582 2
7 f
40847 8
0 1 3 4 6 9 c f
132365 9
2 3 4 6 7 8 a b f
143910 13
0 1 2 4 5 6 7 8 9 c d e f
169624 1
2
54508 4
8 c e f
133924 5
5 6 9 c d
158716 13
2 3 4 5 6 7 8 9 a b c d e
93330 14
0 1 2 3 4 6 7 8 9 b c d e f
151806 3
3 7 8
69121 4
3 9 a e
32638 3
2 4 f
57718 14
0 1 2 4 5 6 7 8 9 a b c d f
21793 12
0 1 2 6 7 8 9 a b c e f
183194 13
0 3 4 5 7 8 9 a b c d e f
60047 4
1 4 6 7
77205 12
1 2 3 6 8 9 a b c d e f
64070 4
5 6 e f
147548 12
0 1 2 3 4 6 7 8 9 c d f
57639 12
1 2 3 5 6 7 8 a b c d f
62613 6
3 6 7 9 b d
161021 10
0 1 2 4 5 7 9 a c f
34765 14
0 3 4 5 6 7 8 9 a b c d e f
112503 7
1 3 5 7 a c f
94698 12
0 2 3 5 6 8 9 b c d e f
62319 8
0 3 4 5 6 a c d
22620 3
1 6 f
102186 14
0 1 2 3 4 5 7 8 9 a b c e f
73647 10
0 1 2 3 4 5 7 c d e
28971 3
3 7 f
114567 5
3 7 8 c d
83911 8
0 2 4 7 8 b d f
158560 12
0 1 2 3 5 6 7 9 a b c e
153111 9
0 2 3 4 5 6 8 c d
7079 10
0 1 2 3 4 6 7 8 b e
24818 15
0 2 3 4 5 6 7 8 9 a b c d e f
166583 7
0 1 2 7 a e f
158920 5
0 2 4 5 b
172570 16
0 1 2 3 4 5 6 7 8 9 a b c d e f
146193 6
1 3 7 8 9 e
13920 9
1 2 5 7 8 b c d e
168300 6
0 2 5 6 8 a
21006 4
3 7 c f
81292 13
0 1 2 3 4 5 6 7 8 9 a b f
136538 12
2 4 5 6 7 8 9 b c d e f
73699 16
0 1 2 3 4 5 6 7 8 9 a b c d e f
115814 5
5 a c d f
26604 10
1 5 6 8 9 b c d e f
23467 10
1 5 6 7 8 9 a b c f
6509 14
1 2 3 4 5 6 7 8 9 b c d e f
93772 16
0 1 2 3 4 5 6 7 8 9 a b c d e f
85796 3
1 4 c
85312 9
1 2 5 7 9 a b c f
48957 8
0 4 5 7 8 9 c f
187282 11
0 1 2 3 5 7 a c d e f
51758 6
1 4 7 8 e f
160671 15
0 1 2 3 4 5 7 8 9 a b c d e f
64044 2
1 2
90309 7
0 1 4 5 8 c e
139214 2
2 c
89033 16
0 1 2 3 4 5 6 7 8 9 a b c d e f
168202 1
2
30480 12
0 1 3 5 6 7 9 a b c d e
61362 2
2 4
104624 10
0 2 3 4 7 8 9 c d f
133710 15
0 1 2 3 4 5 7 8 9 a b c d e f
25609 3
0 8 a
156538 10
2 4 5 6 7 8 a c e f
49554 15
0 1 2 3 4 5 6 7 8 9 a c d e f
87277 10
1 3 4 6 8 9 a b e f
106396 5
1 2 5 c d
114899 3
3 4 6
172337 7
0 2 7 8 9 a f
74313 10
0 1 2 5 6 7 8 9 d e
194193 7
0 2 3 6 8 a b
137085 14
0 1 2 3 4 5 7 8 9 a c d e f
37231 4
1 3 6 9
139200 4
4 b e f
50874 15
0 1 2 3 4 5 6 7 8 9 a c d e f
