100
2
0 1
3
0 1 0
1
0
1
1
2
0 0
2
0 1
100
0 0 0 0 0 0 0 0 0 0 0 0 0 0 0 0 0 0 0 0 0 0 0 0 0 0 0 0 0 0 0 0 0 0 0 0 0 0 0 0 0 0 0 0 0 0 0 0 0 0 0 0 0 0 0 0 0 0 0 0 0 0 0 0 0 0 0 0 0 0 0 0 0 0 0 0 0 0 0 0 0 0 0 0 0 0 0 0 0 0 0 0 0 0 0 0 0 0 0 0
100
1 1 1 1 1 1 1 1 1 1 1 1 1 1 1 1 1 1 1 1 1 1 1 1 1 1 1 1 1 1 1 1 1 1 1 1 1 1 1 1 1 1 1 1 1 1 1 1 1 1 1 1 1 1 1 1 1 1 1 1 1 1 1 1 1 1 1 1 1 1 1 1 1 1 1 1 1 1 1 1 1 1 1 1 1 1 1 1 1 1 1 1 1 1 1 1 1 1 1 1
100
1 0 0 0 0 0 0 0 0 0 0 0 0 0 0 0 0 0 0 0 0 0 0 0 0 0 0 0 0 0 0 0 0 0 0 0 0 0 0 0 0 0 0 0 0 0 0 0 0 0 0 0 0 0 0 0 0 0 0 0 0 0 0 0 0 0 0 0 0 0 0 0 0 0 0 0 0 0 0 0 0 0 0 0 0 0 0 0 0 0 0 0 0 0 0 0 0 0 0 0
65
0 0 0 1 0 1 1 1 1 1 1 1 1 1 0 0 0 0 0 1 1 1 1 1 0 1 1 0 1 1 0 1 1 1 0 1 0 1 1 1 1 0 1 1 0 0 0 0 0 0 0 0 1 1 0 0 1 1 1 0 0 1 1 1 1
98
0 0 0 0 1 0 0 1 0 1 0 0 1 1 1 1 0 0 1 1 0 1 0 0 1 1 0 0 0 0 1 1 0 1 0 0 0 0 0 1 0 0 1 1 0 0 1 1 1 0 0 1 0 0 1 1 1 0 0 1 0 1 1 0 0 0 0 1 1 0 1 0 1 0 0 1 1 1 1 1 1 0 0 0 0 1 0 0 0 0 0 1 1 1 1 1 0 0
53
0 1 0 1 0 0 0 1 1 0 0 1 1 1 1 0 0 0 0 0 1 0 0 0 0 0 0 0 1 0 0 0 1 1 1 0 1 0 0 0 0 0 0 1 0 1 1 1 0 1 0 1 0
96
0 1 0 1 0 0 0 0 0 1 0 1 1 1 0 1 0 1 0 1 0 0 1 1 0 1 1 1 0 0 0 1 1 1 0 1 1 0 1 1 1 1 0 0 1 1 0 1 0 0 0 1 1 1 0 1 1 0 0 0 1 1 0 0 1 1 0 1 1 0 0 0 1 0 0 0 0 1 1 1 0 0 0 1 0 1 1 0 1 1 0 1 0 0 0 1
96
0 1 1 0 0 0 0 0 1 0 1 1 0 0 1 1 0 1 0 1 0 1 1 0 1 0 1 0 1 0 1 0 1 1 1 0 0 0 0 1 0 0 1 0 1 1 0 1 1 1 0 0 1 1 0 1 0 1 0 0 0 1 0 0 0 1 0 1 0 1 0 1 1 1 1 0 1 1 1 1 0 1 1 0 0 1 0 1 1 0 1 0 1 0 0 1
66
0 0 1 1 1 1 0 1 1 0 0 0 0 0 1 1 1 1 0 0 1 1 0 1 1 0 0 1 0 1 1 0 0 0 1 0 1 1 1 0 0 1 1 0 1 0 0 0 1 0 1 0 1 1 1 1 0 0 0 0 1 1 0 0 0 1
81
1 1 0 0 0 1 0 0 1 1 0 1 0 1 1 0 0 0 1 1 1 0 1 0 1 0 0 1 1 0 0 1 1 1 0 0 0 1 0 0 0 1 1 1 1 1 1 0 1 1 0 0 1 1 0 0 0 0 0 1 1 1 0 1 0 0 0 0 1 1 0 1 1 0 0 1 1 1 0 1 0
80
0 0 0 0 1 0 1 0 0 0 0 1 1 1 1 0 0 1 0 1 1 0 1 0 0 0 0 1 0 0 1 0 1 0 0 1 0 0 0 0 0 1 1 1 0 1 0 1 0 1 1 0 0 1 1 1 0 0 1 0 1 0 1 0 0 1 1 0 0 1 1 1 0 0 0 1 0 0 0 0
91
0 1 0 0 0 0 0 0 0 1 1 1 1 0 0 0 1 0 0 0 1 1 0 0 1 0 0 0 0 0 1 0 1 1 0 0 0 0 1 0 0 1 0 1 1 1 1 0 0 0 1 0 0 0 1 1 0 0 0 0 0 0 0 1 0 1 1 1 0 0 1 0 0 1 0 1 1 1 1 0 1 1 0 1 1 0 0 1 1 1 0
81
1 1 1 1 1 1 1 0 0 1 1 1 0 1 1 1 0 0 1 1 0 0 0 0 1 1 0 1 0 1 0 0 1 0 0 0 0 0 0 0 0 1 0 0 0 0 0 0 0 0 1 0 1 0 1 1 0 0 0 0 0 0 0 0 1 0 0 1 1 1 1 0 0 1 0 0 0 0 1 1 1
59
0 0 0 0 1 0 1 0 0 1 1 1 1 1 0 0 0 0 0 1 0 0 0 1 1 0 0 0 0 0 1 1 1 1 0 0 0 0 0 1 0 1 1 0 0 0 0 0 1 0 0 0 1 1 1 1 0 0 1
72
1 1 0 1 0 0 0 1 0 0 1 0 0 0 0 0 1 0 0 0 0 0 0 0 0 0 1 0 1 0 0 0 0 1 1 1 0 0 1 0 1 0 0 1 1 0 1 1 1 1 1 0 0 0 0 1 1 1 0 1 0 1 1 0 1 0 1 0 1 0 1 0
88
0 1 1 0 1 1 1 0 0 1 0 1 1 1 1 1 0 1 0 0 0 0 0 0 0 0 0 0 0 1 0 1 1 0 0 1 0 0 0 1 0 1 1 0 0 0 0 1 0 1 1 1 1 1 1 1 1 1 1 1 0 1 1 1 1 1 0 1 0 0 1 1 1 1 1 1 0 0 1 0 0 0 0 0 0 0 0 1
77
0 1 0 0 0 0 0 1 0 1 1 1 0 0 1 1 0 0 1 0 1 0 1 1 1 0 1 0 0 1 1 1 0 0 0 0 0 0 0 0 0 0 0 0 1 0 1 1 1 0 0 1 1 1 1 1 1 0 0 1 0 0 0 1 0 1 0 0 1 1 0 1 0 1 1 1 0
61
0 0 0 1 1 0 0 1 1 0 1 0 1 1 0 1 1 1 0 0 0 1 1 1 0 0 0 1 0 1 0 1 1 0 0 1 1 0 1 0 1 1 0 1 1 1 1 0 1 1 0 0 0 0 0 1 0 1 0 1 0
83
1 0 1 1 0 1 0 0 0 0 1 1 1 0 1 0 1 0 0 1 1 0 0 0 1 1 1 1 0 0 1 1 0 1 1 0 0 0 1 1 0 0 0 0 1 1 1 0 1 0 0 1 0 0 0 1 0 1 1 1 0 1 0 0 1 1 0 1 0 1 0 0 0 0 0 0 1 1 0 1 1 1 0
69
1 1 1 1 0 0 1 1 0 1 0 0 0 0 1 1 1 0 0 1 1 0 0 0 0 1 1 0 1 1 1 1 0 1 1 1 0 0 1 1 1 0 1 1 0 0 1 1 1 0 1 1 1 0 0 1 1 1 0 0 0 1 0 1 0 1 1 0 0
54
1 0 0 1 1 0 1 0 0 0 1 1 1 0 1 1 0 0 1 0 1 1 1 1 1 0 0 0 0 0 1 1 0 1 1 1 0 1 1 0 0 1 1 1 0 1 0 1 1 1 0 0 0 1
82
0 1 1 1 1 1 0 1 0 0 1 1 1 0 1 1 1 0 0 0 0 1 1 0 1 0 1 0 1 1 1 0 1 0 0 0 1 0 1 1 0 1 0 0 1 0 1 1 0 0 0 0 1 0 0 1 0 0 1 0 1 0 1 0 1 1 0 1 1 0 0 0 1 1 1 1 1 0 0 0 0 0
76
0 0 1 1 0 0 1 0 0 1 1 1 1 0 1 0 0 0 0 0 0 1 0 0 1 0 0 1 0 0 1 1 0 1 1 1 1 1 0 0 1 1 1 0 1 1 1 0 1 0 0 0 0 0 1 1 1 0 0 0 1 1 0 0 1 1 0 0 1 0 1 0 1 0 1 1
97
0 0 0 0 0 0 0 1 0 1 0 1 0 1 1 1 1 1 0 0 0 0 1 0 0 0 0 1 0 0 0 1 0 0 0 1 1 0 1 1 1 1 0 1 1 0 0 1 1 0 1 1 1 1 1 1 0 1 0 1 0 1 0 1 1 0 0 1 1 1 1 0 1 1 0 1 1 1 1 1 0 1 0 0 0 1 0 1 1 0 1 1 0 0 1 0 0
74
0 1 1 0 0 1 1 0 1 1 0 1 0 1 1 1 0 0 1 1 0 1 1 1 0 1 0 0 0 1 1 0 1 0 0 0 0 1 0 0 1 0 1 0 0 1 1 1 1 0 1 1 1 0 1 1 0 1 1 1 0 1 1 1 0 0 1 1 0 0 1 1 0 0
80
1 0 1 0 1 1 1 0 0 1 1 1 1 1 0 1 1 1 1 1 1 0 1 1 1 0 0 0 1 0 0 1 1 1 0 1 0 1 1 1 0 0 1 0 0 0 1 0 1 1 1 0 1 0 1 0 0 0 1 0 0 0 1 0 1 0 0 1 1 1 1 0 0 0 1 1 1 0 1 0
56
1 1 1 0 0 0 0 1 1 1 1 0 0 0 0 0 1 1 0 1 1 0 0 0 0 0 0 0 1 1 1 0 1 1 0 1 1 1 1 1 1 0 1 0 0 0 1 0 1 1 1 0 1 1 0 1
86
1 1 1 0 1 0 1 0 1 0 0 1 0 1 0 1 1 1 0 1 0 0 1 1 1 1 0 1 0 0 0 1 1 0 1 1 1 1 0 0 0 1 1 0 0 1 1 0 0 1 0 0 0 1 0 1 0 1 1 1 1 1 0 1 0 0 0 0 1 1 1 1 0 0 1 0 0 0 0 1 1 0 0 0 0 1
98
1 0 1 0 0 1 1 0 0 0 0 0 0 0 0 0 0 0 1 0 1 0 0 1 1 0 1 1 0 1 1 1 1 0 0 1 1 0 0 0 0 1 0 0 0 1 0 0 1 1 0 0 1 1 1 0 0 0 0 1 0 1 1 1 1 0 1 0 1 0 1 1 1 0 0 1 0 1 0 0 0 1 1 1 1 1 0 1 0 1 1 1 0 1 0 1 1 1
51
1 0 1 1 0 1 1 1 0 1 0 0 0 1 0 0 1 1 0 1 1 0 0 0 1 1 0 1 1 0 0 1 1 0 1 0 1 0 1 1 0 1 1 1 1 1 0 1 0 1 0
87
1 0 0 0 1 0 0 1 0 0 1 0 1 1 1 0 1 1 0 0 1 0 0 1 1 1 1 0 0 0 0 1 0 0 1 1 1 0 1 0 0 1 0 0 0 0 1 1 0 1 1 0 0 1 0 0 0 0 0 1 0 1 0 1 0 0 1 1 1 0 1 1 1 1 0 1 0 1 1 1 0 0 0 1 1 1 0
79
0 1 1 1 0 1 1 0 1 0 0 0 1 1 0 1 1 0 0 0 0 1 1 0 1 1 1 0 1 0 1 1 1 1 1 0 0 1 0 1 0 1 0 0 1 1 1 1 0 0 1 0 1 1 0 1 0 1 1 0 0 1 1 0 0 0 1 0 1 1 1 0 1 1 0 1 0 1 1
66
1 1 1 0 1 1 0 1 1 0 0 0 0 0 0 1 0 1 1 0 0 1 1 0 0 0 1 1 0 1 0 0 1 0 0 1 0 0 0 0 0 1 0 1 1 0 0 0 0 0 0 0 1 0 0 1 0 1 1 0 0 0 0 0 1 1
82
1 1 0 0 0 1 1 1 1 0 0 1 0 0 0 1 1 0 1 1 1 0 1 0 0 1 1 1 1 1 0 1 1 0 0 0 1 0 0 1 0 1 1 0 0 1 0 0 0 1 0 0 1 1 1 1 0 0 1 0 1 0 0 1 1 1 0 1 0 1 0 0 0 1 0 1 1 0 1 1 1 0
90
1 0 1 0 0 0 0 1 0 0 0 1 0 0 1 0 0 1 1 0 1 0 0 0 0 0 0 1 0 1 1 0 0 1 0 0 1 0 0 0 1 0 1 1 1 1 0 1 0 1 0 1 1 1 1 0 0 1 0 1 0 0 1 1 0 1 0 0 1 1 0 0 0 0 0 1 0 0 0 1 0 1 0 0 1 0 0 1 0 1
95
1 0 0 0 0 1 1 0 1 1 0 1 0 1 0 0 1 0 0 0 0 0 1 0 1 0 0 1 0 0 0 0 0 1 1 1 1 1 1 0 0 1 1 0 1 0 1 1 1 0 0 0 1 1 1 1 0 0 1 0 0 0 0 0 0 1 0 1 0 1 0 0 0 1 1 1 1 0 1 0 1 1 0 1 0 1 1 1 1 1 1 1 0 0 0
51
1 0 0 0 1 1 0 1 0 1 1 0 0 1 0 1 1 1 1 0 1 0 0 1 1 0 0 0 0 0 0 1 0 0 1 0 0 1 0 0 0 1 0 1 1 1 0 0 1 0 1
90
1 1 0 0 1 1 1 0 1 0 0 0 1 0 1 0 1 1 1 0 0 0 1 1 1 1 1 1 1 1 1 1 0 1 0 0 1 1 1 0 1 0 0 1 1 1 1 0 0 1 0 0 0 0 0 1 1 0 1 0 1 0 0 1 0 1 0 0 0 1 1 0 0 1 1 0 1 1 0 1 1 0 1 0 0 0 0 0 1 1
85
0 1 1 1 0 1 1 1 1 0 0 1 0 1 0 0 1 0 0 0 0 0 0 1 0 1 0 1 0 0 1 1 1 1 0 0 1 1 1 0 1 1 0 1 1 1 0 0 0 1 0 1 1 0 0 0 1 1 1 1 1 0 0 0 1 1 0 1 0 0 1 0 0 1 1 0 0 0 0 1 0 1 0 1 0
70
0 0 0 0 1 1 0 1 0 1 0 0 1 1 0 1 0 0 1 1 0 0 0 1 1 0 1 0 1 0 0 1 0 0 0 0 1 1 1 0 1 0 0 1 1 0 0 1 1 0 0 1 0 1 0 0 1 0 1 0 0 0 1 1 0 0 0 1 0 1
67
1 0 1 1 0 0 1 1 1 1 0 1 1 0 0 1 0 1 1 1 0 1 0 1 1 0 1 0 0 0 0 0 0 0 0 1 1 1 0 0 1 0 1 1 0 1 0 1 1 0 0 1 1 1 1 0 0 0 0 1 1 1 1 1 0 0 1
71
0 1 1 0 0 0 1 0 0 1 0 0 1 0 1 0 1 1 1 0 1 1 1 1 1 0 1 1 1 0 0 1 1 0 0 0 0 0 0 0 1 1 0 1 0 1 0 0 0 0 1 0 1 0 0 0 1 1 1 1 1 1 0 1 1 0 0 1 0 1 0
85
0 0 0 1 1 0 0 0 1 0 1 0 1 1 0 0 0 0 0 0 0 1 0 0 1 1 1 1 1 0 0 0 1 0 1 1 0 1 0 1 0 1 1 1 1 0 0 0 0 0 0 1 0 1 0 1 0 0 1 1 1 1 0 1 0 1 0 0 0 1 0 1 1 1 1 0 1 0 0 1 0 0 1 0 0
68
1 0 0 0 1 0 0 1 1 0 0 1 1 1 1 1 1 0 0 0 0 1 1 0 1 1 1 0 1 1 0 0 0 0 1 0 0 1 0 0 0 0 1 0 1 0 0 1 1 1 0 1 0 1 0 1 1 1 0 1 0 0 1 0 1 1 1 0
62
0 1 0 0 0 0 0 0 0 1 0 1 0 1 0 0 0 1 0 1 1 0 0 1 0 1 0 1 0 0 1 1 0 1 1 0 0 0 1 0 1 1 1 0 1 0 0 0 1 0 0 0 1 0 1 0 0 1 1 0 1 0
58
1 0 1 0 0 0 0 0 0 1 1 0 1 1 1 1 1 0 0 0 0 0 0 1 1 0 0 0 0 0 1 0 0 0 1 0 1 0 1 1 1 1 1 0 1 1 0 0 1 0 1 1 1 1 0 1 0 1
58
1 1 0 1 1 1 0 1 1 0 1 1 1 1 0 1 0 1 1 0 0 1 0 1 0 0 1 0 0 0 1 1 0 0 0 1 0 1 0 1 0 1 1 1 0 0 1 0 0 0 0 1 1 1 0 0 0 0
88
0 0 1 0 1 1 1 1 0 1 0 0 1 0 0 1 0 1 0 0 0 0 1 1 0 1 0 1 0 1 0 0 1 0 0 1 0 0 1 1 0 0 0 1 0 1 0 1 1 0 0 0 0 1 1 0 0 1 1 0 0 0 0 0 1 0 0 1 1 0 1 1 1 1 0 1 0 1 0 1 0 0 0 1 1 1 1 0
63
0 1 1 0 1 1 1 1 0 0 0 1 0 1 0 1 1 1 0 1 1 1 0 0 1 1 1 0 0 0 0 0 1 0 1 1 1 1 1 0 1 1 0 0 1 0 1 0 1 0 1 0 1 1 0 1 1 1 0 1 1 1 1
61
1 1 0 0 0 1 0 0 1 0 1 1 1 1 0 0 0 0 1 1 0 1 0 0 0 1 0 1 1 0 1 0 0 0 1 0 0 1 0 0 1 1 1 0 0 0 0 1 0 1 1 0 1 1 1 0 0 1 0 0 1
54
0 1 0 1 0 1 0 1 0 0 1 0 1 1 1 1 1 0 1 0 1 0 0 1 0 1 0 1 0 1 0 0 0 0 0 1 1 1 1 0 1 1 1 0 1 1 0 1 0 0 1 1 1 1
59
0 1 1 1 0 0 1 1 0 1 1 1 1 1 0 0 0 0 0 1 1 1 0 1 0 1 0 1 1 0 0 1 0 0 1 1 1 0 0 1 1 0 0 1 0 0 1 1 1 1 0 0 1 1 0 1 0 1 1
57
0 0 0 1 1 0 1 0 1 1 0 0 1 1 1 0 0 1 0 1 0 0 0 0 1 0 1 1 1 0 0 0 1 1 0 0 1 1 0 1 1 1 1 1 1 1 1 1 0 0 1 1 0 1 1 0 0
60
0 1 0 1 1 0 1 0 0 0 1 0 0 0 1 0 0 1 0 1 0 0 1 1 1 1 1 0 0 1 0 1 1 0 1 1 1 0 1 1 1 1 1 1 1 0 1 0 1 0 1 1 0 1 0 0 1 0 0 1
99
0 0 1 0 0 0 0 0 0 1 1 1 0 1 0 0 0 0 0 0 0 0 0 0 1 0 0 0 1 0 0 1 1 1 1 1 1 1 1 0 0 0 0 1 1 1 1 0 1 1 0 0 1 0 1 0 1 1 1 0 0 1 0 0 0 1 1 0 0 1 0 0 0 0 1 1 0 0 0 1 0 1 0 0 0 1 1 0 0 0 1 0 1 0 1 1 1 1 1
59
0 1 1 0 1 1 0 1 0 0 0 0 0 1 0 0 1 1 0 0 1 1 0 1 1 1 0 0 0 0 1 0 0 0 1 0 1 1 0 0 0 0 0 1 0 1 1 0 0 0 1 1 0 0 0 1 0 0 0
82
0 0 1 1 1 0 1 1 1 0 1 0 1 0 1 0 0 0 1 0 0 1 0 0 0 1 0 0 0 0 1 1 1 0 0 0 0 0 0 1 0 1 1 1 1 0 0 1 1 1 1 1 1 1 1 1 1 1 1 0 0 1 0 1 0 0 1 1 1 1 1 1 0 1 1 0 0 0 1 1 0 0
70
0 1 0 0 1 0 0 0 1 0 0 0 1 1 1 0 0 0 1 0 0 0 1 1 0 1 1 0 0 0 1 1 1 1 1 0 1 0 1 1 1 1 1 0 0 1 1 0 1 0 0 0 0 1 0 1 0 1 0 0 1 1 0 0 1 0 0 0 0 1
94
0 0 1 1 1 1 0 0 1 0 0 1 1 1 0 0 0 1 0 1 0 0 0 0 1 0 0 1 1 0 0 0 0 0 1 0 0 0 0 0 1 1 1 1 0 1 1 0 0 1 1 1 1 1 0 0 1 1 0 1 0 0 0 1 1 0 0 0 0 0 0 1 1 0 0 0 1 1 0 0 0 1 1 0 0 0 1 1 0 0 1 1 0 0
63
1 1 0 0 1 0 1 1 0 0 0 0 1 1 1 0 1 1 0 1 1 0 0 0 0 0 1 0 0 1 0 0 1 0 0 1 1 0 0 0 0 0 1 0 0 0 0 0 1 0 0 0 0 1 1 0 1 0 0 1 1 0 1
52
1 0 1 1 1 0 0 1 0 0 0 0 1 0 0 1 0 1 1 0 1 1 1 0 1 1 1 1 0 1 0 1 0 0 1 1 1 1 1 0 1 1 1 1 0 1 0 1 1 0 0 0
71
1 0 0 0 0 1 1 0 0 1 0 0 0 1 0 1 1 1 1 0 0 1 0 1 1 0 0 1 0 0 1 0 0 0 1 0 1 1 0 1 1 0 1 0 1 0 1 1 0 1 1 1 0 1 0 1 0 1 0 1 0 0 0 1 1 0 0 1 0 1 1
84
1 0 1 1 0 0 1 0 1 1 1 0 0 0 1 1 0 1 1 1 0 1 0 1 1 1 1 1 1 0 1 1 0 0 1 1 1 0 0 1 1 1 0 1 1 1 1 1 1 1 0 0 1 1 1 0 0 0 0 0 0 0 0 0 1 0 0 0 1 1 1 1 1 1 0 1 0 1 0 1 1 1 1 0
62
1 1 0 0 0 0 1 0 0 1 1 1 0 0 1 0 1 0 0 0 1 0 0 1 0 1 0 0 1 0 1 0 1 0 1 1 1 0 1 1 0 0 1 0 1 1 1 0 0 0 1 0 0 1 1 1 1 0 1 1 1 0
89
0 0 1 0 0 1 0 1 1 1 1 0 0 1 0 0 1 1 0 0 1 0 0 0 0 1 0 0 1 0 1 1 0 1 0 0 1 1 1 0 1 0 1 1 0 1 0 1 0 0 1 1 0 0 0 1 0 0 0 0 0 1 1 1 1 0 1 0 0 0 0 1 1 0 1 1 0 1 1 1 1 1 1 1 0 0 0 0 1
98
1 1 0 1 0 0 1 1 1 1 0 1 1 1 0 1 1 1 1 0 1 1 0 1 0 1 0 1 0 0 0 0 0 0 0 1 1 1 0 0 1 1 0 1 1 1 0 1 1 1 0 1 0 0 0 0 0 1 1 0 1 1 1 1 1 0 0 1 1 1 0 1 0 0 0 0 0 1 0 0 0 0 1 0 0 0 1 1 0 1 1 1 1 0 1 1 0 0
78
0 1 0 0 1 1 1 1 0 1 0 0 0 0 0 1 1 1 0 0 1 0 0 1 1 0 1 0 0 1 1 1 1 1 0 1 0 1 1 1 0 0 0 1 1 1 0 0 0 0 0 1 1 1 0 1 1 1 1 0 0 0 1 1 0 0 1 1 1 0 1 0 0 1 0 0 0 0
85
0 0 1 1 1 0 0 0 1 0 0 1 0 1 0 1 0 0 0 0 0 1 0 0 1 1 1 0 0 1 0 1 1 1 1 0 1 1 0 1 1 1 1 0 0 1 1 1 0 0 1 0 1 0 1 1 0 1 0 1 1 1 1 1 0 0 1 0 0 0 1 1 0 0 0 1 0 0 1 1 1 0 0 0 1
58
1 1 0 0 1 0 0 1 1 1 0 0 0 0 0 0 0 1 0 1 0 1 0 0 0 0 1 0 1 1 1 0 1 1 0 1 0 0 0 0 0 1 0 0 1 0 1 1 1 1 1 0 0 1 1 0 1 1
67
1 1 0 1 1 1 0 0 0 0 1 1 1 1 1 1 0 1 0 1 0 0 0 0 1 1 1 1 0 0 1 1 1 0 1 1 0 1 0 0 1 1 1 0 0 1 0 0 1 1 1 1 1 1 1 1 1 0 0 1 0 1 1 0 1 0 1
99
0 1 1 0 0 0 0 0 0 1 1 1 0 0 1 1 0 0 0 0 0 0 1 0 0 0 0 0 1 0 0 0 1 1 1 0 0 1 0 0 1 1 1 0 1 1 1 1 0 0 1 0 0 1 0 1 1 0 0 0 1 1 0 0 0 1 0 1 0 0 1 1 0 1 0 0 0 0 1 0 1 1 0 1 1 0 1 1 0 1 1 1 0 0 0 0 1 0 0
58
0 0 0 1 0 0 0 1 0 0 1 0 0 1 0 0 1 0 1 0 0 0 1 1 1 1 1 1 0 0 0 1 1 1 0 0 0 0 0 0 1 1 0 0 0 1 1 1 0 1 1 0 1 0 0 1 0 0
90
1 0 0 1 1 1 1 0 1 1 1 0 0 0 0 1 1 0 1 0 1 0 1 0 1 0 1 1 1 0 1 1 1 1 0 1 0 1 1 1 1 1 1 0 1 1 1 0 1 0 1 0 1 1 0 0 1 0 0 1 1 1 0 0 0 1 1 0 1 1 0 1 1 1 1 1 1 0 1 0 1 1 1 1 0 0 0 0 0 1
61
0 0 1 0 0 0 1 1 1 1 0 0 1 1 1 0 1 0 0 1 1 0 1 1 1 1 1 0 0 0 0 1 1 1 0 0 1 1 0 0 0 0 1 1 1 1 0 1 1 0 0 0 0 0 1 1 0 1 0 1 1
66
0 1 0 1 1 1 1 0 0 0 1 0 1 0 0 1 0 0 0 1 0 0 0 1 1 1 0 1 1 0 1 1 1 1 0 0 1 1 0 0 0 0 0 1 1 1 0 1 1 0 1 1 1 0 1 1 1 1 0 1 1 0 1 0 1 1
57
0 1 0 1 0 0 1 1 1 1 0 1 1 0 0 0 0 1 1 1 1 1 0 0 0 0 1 1 0 0 1 1 0 1 1 0 1 0 1 0 1 0 1 1 0 0 0 0 0 1 0 1 0 1 0 1 1
89
1 0 0 0 0 1 1 0 0 0 1 1 1 1 0 1 1 1 1 1 1 0 1 1 1 1 1 0 0 0 1 0 0 0 1 0 0 0 1 0 1 1 1 0 0 1 1 0 0 0 0 0 0 0 0 0 1 1 1 1 1 1 0 0 0 1 0 1 1 0 0 0 1 0 0 1 0 1 0 1 0 1 1 1 0 0 1 1 0
50
0 1 0 0 0 1 0 1 0 0 1 1 0 1 0 0 1 1 0 1 1 1 1 1 1 0 1 1 1 1 0 0 1 1 1 1 0 0 1 1 0 0 0 0 0 1 0 0 1 1
81
0 0 0 1 0 0 1 0 1 1 0 1 1 0 0 0 1 1 1 0 1 1 1 1 1 1 1 0 0 0 1 1 1 1 0 0 1 1 1 1 0 1 1 0 0 0 1 0 0 1 0 0 0 1 0 1 1 0 1 1 1 1 1 0 1 0 0 1 1 0 0 1 0 0 1 1 1 1 0 1 1
53
0 1 0 1 0 1 0 1 0 0 1 0 0 0 1 0 0 1 0 0 1 0 1 0 1 0 1 1 1 1 1 1 0 0 1 1 0 0 0 1 1 1 0 0 1 1 0 1 1 0 1 1 0
81
1 1 0 1 0 1 0 1 0 0 1 1 1 1 0 0 1 1 1 1 0 1 0 0 1 0 1 0 0 1 0 0 0 0 0 0 0 0 1 1 1 1 1 1 0 1 1 0 1 0 1 1 0 1 0 1 1 0 1 1 0 1 1 0 1 1 1 1 0 0 1 1 1 1 1 1 0 1 1 1 0
78
0 0 1 1 1 0 0 0 1 1 1 0 1 1 0 1 1 1 0 1 0 0 1 0 0 0 0 0 1 0 1 0 1 1 1 1 1 1 1 1 1 1 1 0 0 0 0 0 1 0 0 1 1 1 0 0 1 0 1 1 0 1 0 0 1 1 1 0 1 0 0 1 0 1 0 0 1 0
89
0 0 0 0 0 0 0 0 1 0 0 0 0 1 0 1 0 0 0 1 1 0 0 0 0 0 1 0 0 0 1 1 0 1 0 0 1 0 1 1 1 0 1 0 0 1 0 0 0 0 0 0 1 0 0 0 1 1 0 1 0 0 1 1 0 1 1 0 1 0 0 0 1 1 1 0 0 1 0 0 1 0 0 0 1 1 0 0 0
87
0 1 1 0 1 0 0 0 0 0 1 1 0 0 0 0 1 0 0 1 0 0 1 1 0 0 1 1 1 0 0 0 0 1 1 0 1 1 0 1 1 0 1 0 0 1 0 1 1 0 0 0 0 1 0 0 1 0 0 1 1 1 1 1 1 0 1 1 0 1 0 1 1 0 0 0 0 1 1 0 0 0 0 0 1 1 1
57
0 1 0 1 0 0 0 0 0 0 1 1 0 0 0 1 0 0 0 0 0 0 0 0 1 0 0 0 1 0 1 1 1 1 1 0 1 0 1 1 0 0 1 1 1 0 0 1 0 0 0 1 0 0 0 1 1
83
0 1 0 0 0 0 0 0 1 1 0 0 1 1 1 0 0 0 0 1 0 1 1 0 1 1 0 1 0 0 1 1 1 1 0 0 1 1 0 1 1 1 1 0 1 1 0 0 0 0 1 1 1 1 1 0 1 0 1 0 0 0 0 0 1 1 1 1 0 0 0 1 1 1 1 0 0 1 0 0 0 0 0
97
1 0 1 0 1 0 1 1 0 1 0 1 0 1 0 0 1 0 1 0 0 0 0 0 1 1 1 1 0 0 0 0 0 1 1 0 1 0 1 1 1 0 1 1 1 1 0 0 0 1 1 1 1 1 1 0 1 1 1 1 0 1 1 1 0 0 0 1 1 1 1 1 1 1 1 0 1 0 0 0 0 0 0 1 1 0 0 0 1 0 0 1 1 0 0 0 0
69
0 1 1 0 1 0 1 1 1 0 1 0 1 1 0 0 0 0 1 1 1 1 0 0 1 1 0 1 0 0 0 1 0 0 1 1 1 0 1 0 0 1 0 0 1 0 1 0 1 1 0 1 1 1 0 0 0 0 1 1 0 1 0 1 0 1 0 1 1
50
1 1 1 1 1 1 0 1 0 0 1 1 1 0 1 1 1 1 0 0 0 1 1 1 0 1 1 0 1 0 1 0 0 1 0 1 1 0 0 1 0 1 0 1 0 1 1 1 0 0
56
0 0 0 0 1 0 0 1 1 1 0 1 0 1 1 0 1 0 1 0 0 0 0 1 1 0 1 1 0 1 1 1 0 0 0 0 1 0 1 1 1 1 0 0 0 0 0 0 1 1 0 0 1 1 0 1
76
0 0 0 1 1 0 1 0 0 0 0 0 0 0 0 1 1 1 1 0 1 0 1 0 0 1 0 1 1 1 0 1 0 0 0 1 0 0 0 0 0 0 1 0 1 0 0 0 1 0 0 1 1 0 0 1 1 1 1 0 0 1 0 0 1 1 0 0 0 1 0 1 1 1 0 0
94
1 0 0 0 0 1 0 1 1 1 1 0 1 1 1 0 0 0 1 1 1 0 1 1 1 1 0 0 0 1 0 0 0 1 0 1 0 1 0 1 0 0 0 0 1 0 1 1 0 1 1 1 0 0 0 1 1 1 1 0 1 1 0 1 0 1 1 0 0 1 0 0 1 1 1 0 0 0 0 0 1 0 0 1 0 1 0 1 0 1 0 0 0 1
63
1 0 1 0 1 1 0 1 1 0 0 1 0 1 0 0 1 1 1 1 0 1 1 0 1 0 0 0 1 0 0 0 0 1 0 1 1 1 1 1 0 0 1 0 0 0 1 0 1 1 1 0 1 1 1 1 1 1 1 0 1 0 1
76
1 1 1 1 0 0 0 0 1 0 1 1 0 0 0 0 1 0 0 0 0 0 0 1 1 1 0 1 1 1 0 0 0 1 0 1 1 0 1 1 0 0 0 0 1 0 1 1 0 0 0 1 1 0 1 1 0 0 0 0 0 0 1 1 0 1 1 0 1 1 1 0 1 1 0 1
