100
10 10 10 20 10 20
17 84 85 66 79 71
65 82 91 78 67 23
20 95 31 73 71 38
6 39 87 37 74 70
32 89 54 62 3 94
50 70 45 31 40 82
94 90 66 28 42 70
62 6 56 69 92 81
44 30 52 77 99 88
83 95 44 21 97 99
88 59 67 95 82 47
2 38 62 30 70 98
57 6 95 23 81 12
19 18 81 17 13 60
68 12 17 48 56 47
26 37 84 4 88 41
98 34 82 16 90 72
22 85 79 5 58 70
44 13 69 68 79 62
36 52 96 15 88 75
50 77 33 99 14 87
39 57 99 83 8 65
52 13 19 52 83 87
14 68 60 18 44 33
1 79 36 94 46 80
48 84 8 42 80 70
91 24 30 22 97 96
72 33 35 24 11 68
99 73 54 39 26 9
60 47 35 34 3 68
86 27 28 54 66 34
83 12 19 56 57 63
79 73 53 78 36 31
51 67 37 43 88 24
97 26 81 38 65 79
75 86 50 27 20 16
38 76 4 87 81 46
96 70 18 25 31 78
19 82 44 33 30 84
89 47 21 29 74 4
17 51 80 16 53 85
52 47 56 35 89 78
83 5 44 20 31 24
69 86 45 10 46 19
70 8 48 95 62 99
25 79 71 67 14 56
8 46 46 51 17 12
70 84 71 83 76 58
85 11 54 62 63 77
79 30 67 84 91 3
49 8 35 82 53 81
95 89 40 12 48 42
22 98 90 21 98 46
49 52 49 66 13 97
92 36 68 53 8 60
77 13 52 9 1 33
91 84 60 83 31 62
57 25 89 81 89 33
12 9 91 26 90 46
46 83 59 54 61 96
81 4 9 44 2 76
4 41 87 96 60 42
32 72 92 80 56 46
95 25 21 51 15 26
40 1 54 19 79 70
9 23 44 79 19 26
97 25 63 72 8 14
43 7 98 60 25 16
7 3 31 46 22 79
25 43 98 58 13 44
57 87 74 4 35 62
58 41 56 82 42 83
31 52 25 45 30 70
78 40 46 22 27 58
35 44 52 29 39 99
8 79 88 30 14 43
77 32 65 38 62 97
18 19 73 91 26 21
77 91 98 47 36 99
2 11 29 82 22 21
5 44 31 32 27 60
97 70 86 84 51 71
17 38 77 99 80 50
18 23 98 61 96 76
82 36 61 20 46 81
64 33 47 41 27 46
58 13 74 81 6 53
85 85 84 77 20 55
19 60 75 93 38 45
59 36 53 39 58 55
99 34 33 46 70 89
79 2 49 36 73 43
52 47 63 42 7 91
96 12 28 88 53 90
85 54 95 81 50 98
28 12 54 95 81 56
48 34 62 85 73 62
84 65 66 69 16 59
91 9 5 38 29 81
