200 0 50 0
200 1 50 0
200 2 50 0
200 3 50 0
200 4 50 0
200 5 50 0
200 6 50 0
200 7 50 0
200 8 50 0
200 9 50 0
200 9 50 1
200 9 50 2
200 9 50 3
200 9 50 4
547 21 189 5
347 22 112 6
183 4 74 3
84 22 170 20
389 12 111 26
503 16 168 16
137 16 69 18
149 3 149 17
344 13 124 17
317 14 129 9
218 22 26 11
242 25 92 18
311 18 11 16
528 16 41 9
107 17 127 24
218 5 166 12
111 20 144 26
54 13 24 20
527 4 51 22
546 1 73 20
524 24 4 8
83 3 4 15
65 1 124 16
170 3 180 18
408 9 60 8
476 12 90 23
436 9 113 5
219 22 158 3
57 7 128 21
117 22 123 23
105 5 184 12
501 10 5 22
179 4 92 15
195 17 59 2
351 6 128 18
510 22 39 2
471 12 169 10
213 13 194 19
377 20 56 12
92 18 19 7
76 23 197 10
282 10 95 17
