Case #1: 0 0 0 0 0
Case #2: 0 0 0 0 0
Case #3: 0 0 20 0 20
Case #4: 0 0 10 0 10
Case #5: 0 0 20 0 20
Case #6: 30 40 10 0 80
Case #7: 40 0 20 0 60
Case #8: 40 0 0 0 40
Case #9: 40 40 20 40 60
Case #10: 0 0 0 40 -40
Case #11: 40 40 20 0 100
Case #12: 40 40 10 0 90
Case #13: 40 40 10 0 90
Case #14: 40 40 10 0 90
Case #15: 40 40 0 0 80
Case #16: 40 40 10 0 90
Case #17: 40 40 0 0 80
Case #18: 30 20 0 20 30
Case #19: 40 40 0 0 80
Case #20: 40 40 10 0 90
Case #21: 40 40 0 0 80
Case #22: 40 40 10 0 90
Case #23: 40 40 0 0 80
Case #24: 40 40 0 0 80
Case #25: 40 40 10 0 90
Case #26: 40 40 10 0 90
Case #27: 40 40 10 0 90
Case #28: 40 40 20 0 100
